0.01111111111111111  0.001035202665355393
0.01666666666666667  2.780165294143313e-06
0.02222222222222222  -0.0009606565767615139
0.02777777777777778  -0.04713123284918427
0.03333333333333333  -0.06134930590920077
0.03888888888888889  -0.06531824802768578
0.04444444444444445  -0.0651870587600914
0.05  -0.06134477805508343
0.05555555555555556  -0.04727910714734365
0.06111111111111112  -0.0009904222827685379
0.06666666666666667  -2.763405352101925e-06
0.07222222222222222  0.0009606580523499452
0.07777777777777777  0.04713123254185651
0.08333333333333331  0.0613493077373405
0.08888888888888886  0.06531824596510759
0.09444444444444441  0.06518705794983512
0.09999999999999996  0.06134477705955267
0.002222222222222222  0.0004971218967648957
0.003333333333333333  0.0001453239783668678
0.004444444444444444  -1.892582005137705e-05
0.005555555555555556  -1.371094962381577e-05
0.006666666666666667  -5.140679434691696e-06
0.007777777777777778  -4.997298906500338e-05
