0.01111111111111111  0.04705399033689611
0.01666666666666667  0.06134922314688018
0.02222222222222222  0.065318245850105
0.02777777777777778  0.06518705794978497
0.03333333333333333  0.06134477705955652
0.03888888888888889  0.04727910823692277
0.04444444444444445  0.0009904221710562706
0.05  2.763306946071289e-06
0.05555555555555556  -0.0009606565842433419
0.06111111111111112  -0.04713123284919124
0.06666666666666667  -0.06134930590919793
0.07222222222222222  -0.06531824802769116
0.07777777777777777  -0.06518705876008909
0.08333333333333331  -0.06134477805508121
0.08888888888888886  -0.04727910714734794
0.09444444444444441  -0.0009904222827675272
0.09999999999999996  -2.763405355008343e-06
0.002222222222222222  6.761842073873068e-05
0.003333333333333333  2.465782536441667e-05
0.004444444444444444  -7.911665764082506e-06
0.005555555555555556  1.116344858420547e-06
0.006666666666666667  5.066745822583821e-06
0.007777777777777778  -1.177101554293086e-05
