0.01111111111111111  1.071974503981806
0.01666666666666667  -0.6753753237688748
0.02222222222222222  -0.01400811816313426
0.02777777777777778  0.9033434868494026
0.03333333333333333  -1.009215325287451
0.03888888888888889  -0.2698807804324102
0.04444444444444445  0.4652316468892807
0.05  -0.4469570300794274
0.05555555555555556  0.09534652463201748
0.06111111111111112  1.071929661189349
0.06666666666666667  -0.6753755852270243
0.07222222222222222  -0.01400918686649305
0.07777777777777777  0.9033437206788242
0.08333333333333331  -1.009215130359727
0.08888888888888886  -0.2698797234018647
0.09444444444444441  0.4652314218850739
0.09999999999999996  -0.4469572264717445
0.002222222222222222  -2.298142504389379e-05
0.003333333333333333  -2.237593083652501e-05
0.004444444444444444  -2.076067330461183e-05
0.005555555555555556  -2.092938591272519e-05
0.006666666666666667  -2.127809627458831e-05
0.007777777777777778  -2.034483665469034e-05
