0.01111111111111111  13.0329566008316
0.01666666666666667  12.26894211011135
0.02222222222222222  9.455821406366864
0.02777777777777778  0.1980844565419707
0.03333333333333333  0.0005526810704847733
0.03888888888888889  -0.1921316104701921
0.04444444444444445  -9.426246508370822
0.05  -12.2698615474685
0.05555555555555556  -13.0636491930206
0.06111111111111112  -13.03741158996509
0.06666666666666667  -12.26895541191032
0.07222222222222222  -9.455821647386008
0.07777777777777777  -0.1980844342110022
0.08333333333333331  -0.0005526613890463154
0.08888888888888886  0.1921313168482374
0.09444444444444441  9.426246569839886
0.09999999999999996  12.26986118183953
0.002222222222222222  0.1129272454050479
0.003333333333333333  0.03400594462828656
0.004444444444444444  -0.005329679540909209
0.005555555555555556  -0.002506533230159707
0.006666666666666667  -7.865722489229779e-06
0.007777777777777778  -0.01232154551942983
