0.01111111111111111  -9.41079806737922
0.01666666666666667  -12.26984462937603
0.02222222222222222  -13.063649170021
0.02777777777777778  -13.03741158995699
0.03333333333333333  -12.2689554119113
0.03888888888888889  -9.455821647384553
0.04444444444444445  -0.1980844342112541
0.05  -0.0005526613892142578
0.05555555555555556  0.1921313168486684
0.06111111111111112  9.426246569838248
0.06666666666666667  12.26986118183959
0.07222222222222222  13.06364960553823
0.07777777777777777  13.03741175201782
0.08333333333333331  12.26895561101624
0.08888888888888886  9.455821429469587
0.09444444444444441  0.1980844565535054
0.09999999999999996  0.0005526810710016686
0.002222222222222222  -0.01352368414774614
0.003333333333333333  -0.004931565072883335
0.004444444444444444  0.001582333152816501
0.005555555555555556  -0.0002232689716841095
0.006666666666666667  -0.001013349164516764
0.007777777777777778  0.002354203108586171
